2017-05-13-08:55:13 23.00 23.00 23.00 
2017-05-13-08:55:27 19.00 21.00 23.00 
2017-05-13-08:55:33 27.00 23.00 27.00 
2017-05-13-08:55:45 15.00 21.00 27.00 
2017-05-13-08:55:57 20.00 20.00 27.00 
2017-05-13-08:56:06 3.00 17.00 27.00 
2017-05-13-08:56:15 14.00 17.00 27.00 
2017-05-13-08:56:26 6.00 15.00 27.00 
2017-05-13-08:56:36 10.00 15.00 27.00 
2017-05-13-08:56:46 19.00 15.00 27.00 
2017-05-13-08:56:57 16.00 15.00 27.00 
2017-05-13-08:57:11 5.00 14.00 27.00 
2017-05-13-08:57:22 7.00 14.00 27.00 
2017-05-13-08:57:28 10.00 13.00 27.00 
2017-05-13-08:57:34 29.00 14.00 29.00 
2017-05-13-08:57:44 28.00 15.00 29.00 
2017-05-13-08:57:54 5.00 15.00 29.00 
2017-05-13-08:58:08 14.00 15.00 29.00 
2017-05-13-08:58:20 21.00 15.00 29.00 
2017-05-13-08:58:29 29.00 16.00 29.00 
2017-05-13-08:58:35 3.00 15.00 29.00 
2017-05-13-08:58:44 24.00 15.00 29.00 
2017-05-13-08:58:52 22.00 16.00 29.00 
2017-05-13-08:59:00 16.00 16.00 29.00 
2017-05-13-08:59:08 28.00 16.00 29.00 
2017-05-13-08:59:14 25.00 16.00 29.00 
2017-05-13-08:59:25 4.00 16.00 29.00 
2017-05-13-08:59:36 25.00 16.00 29.00 
2017-05-13-08:59:47 27.00 17.00 29.00 
2017-05-13-09:00:01 5.00 16.00 29.00 
2017-05-13-09:00:08 15.00 16.00 29.00 
2017-05-13-09:00:22 25.00 16.00 29.00 
2017-05-13-09:00:35 20.00 16.00 29.00 
2017-05-13-09:00:44 2.00 16.00 29.00 
2017-05-13-09:00:56 6.00 16.00 29.00 
2017-05-13-09:01:05 6.00 15.00 29.00 
2017-05-13-09:01:13 15.00 15.00 29.00 
2017-05-13-09:01:19 5.00 15.00 29.00 
2017-05-13-09:01:34 1.00 15.00 29.00 
2017-05-13-09:01:45 8.00 15.00 29.00 
2017-05-13-09:01:57 10.00 14.00 29.00 
2017-05-13-09:02:12 1.00 14.00 29.00 
2017-05-13-09:02:24 7.00 14.00 29.00 
2017-05-13-09:02:33 28.00 14.00 29.00 
2017-05-13-09:02:48 25.00 14.00 29.00 
2017-05-13-09:03:00 21.00 15.00 29.00 
2017-05-13-09:03:12 23.00 15.00 29.00 
2017-05-13-09:03:21 6.00 15.00 29.00 
2017-05-13-09:03:29 15.00 15.00 29.00 
2017-05-13-09:03:38 24.00 15.00 29.00 
2017-05-13-09:03:46 25.00 15.00 29.00 
2017-05-13-09:03:57 20.00 15.00 29.00 
2017-05-13-09:04:07 6.00 15.00 29.00 
2017-05-13-09:04:18 7.00 15.00 29.00 
2017-05-13-09:04:27 14.00 15.00 29.00 
2017-05-13-09:04:39 0.00 14.00 29.00 
2017-05-13-09:04:52 6.00 14.00 29.00 
2017-05-13-09:05:01 22.00 14.00 29.00 
2017-05-13-09:05:10 25.00 15.00 29.00 
2017-05-13-09:05:23 29.00 15.00 29.00 
2017-05-13-09:05:32 24.00 15.00 29.00 
2017-05-13-09:05:43 15.00 15.00 29.00 
2017-05-13-09:05:50 26.00 15.00 29.00 
2017-05-13-09:06:00 7.00 15.00 29.00 
2017-05-13-09:06:08 0.00 15.00 29.00 
2017-05-13-09:06:20 28.00 15.00 29.00 
2017-05-13-09:06:28 13.00 15.00 29.00 
2017-05-13-09:06:39 1.00 15.00 29.00 
2017-05-13-09:06:49 29.00 15.00 29.00 
2017-05-13-09:06:59 12.00 15.00 29.00 
2017-05-13-09:08:39 23.00 14.00 29.00 
2017-05-13-09:08:47 5.00 14.00 29.00 
2017-05-13-09:08:58 18.00 14.00 29.00 
2017-05-13-09:09:07 20.00 14.00 29.00 
2017-05-13-09:09:21 5.00 14.00 29.00 
2017-05-13-09:09:26 29.00 14.00 29.00 
2017-05-13-09:09:38 19.00 14.00 29.00 
2017-05-13-09:09:50 14.00 14.00 29.00 
2017-05-13-09:10:02 28.00 14.00 29.00 
2017-05-13-09:10:11 17.00 15.00 29.00 
2017-05-13-09:10:25 11.00 14.00 29.00 
2017-05-13-09:10:38 7.00 14.00 29.00 
2017-05-13-09:10:46 22.00 14.00 29.00 
2017-05-13-09:10:54 15.00 14.00 29.00 
2017-05-13-09:11:05 20.00 15.00 29.00 
2017-05-13-09:11:17 7.00 14.00 29.00 
2017-05-13-09:11:27 8.00 14.00 29.00 
2017-05-13-09:11:35 21.00 14.00 29.00 
2017-05-13-09:11:45 25.00 15.00 29.00 
2017-05-13-09:11:53 20.00 15.00 29.00 
2017-05-13-09:12:02 26.00 15.00 29.00 
2017-05-13-09:12:12 21.00 15.00 29.00 
2017-05-13-09:12:21 8.00 15.00 29.00 
2017-05-13-09:12:29 23.00 15.00 29.00 
2017-05-13-09:12:41 23.00 15.00 29.00 
2017-05-13-09:12:47 21.00 15.00 29.00 
2017-05-13-09:12:56 24.00 15.00 29.00 
2017-05-13-09:13:05 0.00 15.00 29.00 
2017-05-13-09:20:56 5.00 14.00 29.00 
2017-05-13-09:21:04 21.00 14.00 29.00 
2017-05-13-09:21:16 0.00 14.00 29.00 
2017-05-13-09:21:27 27.00 14.00 29.00 
2017-05-13-09:21:39 4.00 14.00 29.00 
2017-05-13-09:21:47 14.00 14.00 29.00 
2017-05-13-09:21:58 17.00 14.00 29.00 
2017-05-13-09:22:05 26.00 14.00 29.00 
2017-05-13-09:22:17 11.00 14.00 29.00 
2017-05-13-09:22:24 28.00 14.00 29.00 
2017-05-13-09:22:36 4.00 14.00 29.00 
2017-05-13-09:22:44 13.00 14.00 29.00 
2017-05-13-09:22:54 16.00 14.00 29.00 
2017-05-13-09:23:05 26.00 14.00 29.00 
2017-05-13-09:23:15 5.00 14.00 29.00 
2017-05-13-09:23:21 18.00 14.00 29.00 
2017-05-13-09:23:27 25.00 14.00 29.00 
2017-05-13-09:23:38 9.00 14.00 29.00 
2017-05-13-09:23:48 7.00 14.00 29.00 
2017-05-13-09:23:58 21.00 14.00 29.00 
2017-05-13-09:24:06 5.00 14.00 29.00 
2017-05-13-09:24:13 9.00 14.00 29.00 
2017-05-13-09:24:23 18.00 14.00 29.00 
2017-05-13-09:24:35 25.00 14.00 29.00 
2017-05-13-09:24:46 4.00 14.00 29.00 
2017-05-13-09:24:54 7.00 14.00 29.00 
2017-05-13-09:25:00 11.00 14.00 29.00 
2017-05-13-09:25:10 21.00 15.00 29.00 
2017-05-13-09:25:21 29.00 15.00 29.00 
2017-05-13-09:25:29 15.00 15.00 29.00 
2017-05-13-09:25:41 0.00 15.00 29.00 
2017-05-13-09:25:47 10.00 14.00 29.00 
2017-05-13-09:25:51 2.00 14.00 29.00 
2017-05-13-09:26:03 19.00 14.00 29.00 
2017-05-13-09:26:13 0.00 14.00 29.00 
2017-05-13-09:26:28 4.00 14.00 29.00 
2017-05-13-09:26:35 1.00 14.00 29.00 
2017-05-13-09:26:45 2.00 14.00 29.00 
2017-05-13-09:26:53 4.00 14.00 29.00 
2017-05-13-09:27:06 5.00 13.00 29.00 
2017-05-13-09:27:12 7.00 13.00 29.00 
2017-05-13-09:27:25 1.00 13.00 29.00 
2017-05-13-09:27:39 1.00 13.00 29.00 
2017-05-13-09:27:52 17.00 13.00 29.00 
2017-05-13-09:28:03 1.00 13.00 29.00 
2017-05-13-09:28:19 10.00 13.00 29.00 
2017-05-13-09:28:26 7.00 13.00 29.00 
2017-05-13-09:28:33 11.00 13.00 29.00 
2017-05-13-09:28:44 18.00 13.00 29.00 
2017-05-13-09:28:51 25.00 13.00 29.00 
2017-05-13-09:29:01 1.00 13.00 29.00 
2017-05-13-09:29:13 15.00 12.00 29.00 
2017-05-13-09:29:19 6.00 12.00 29.00 
2017-05-13-09:29:27 8.00 12.00 29.00 
2017-05-13-09:29:37 26.00 12.00 29.00 
2017-05-13-09:29:43 16.00 12.00 29.00 
2017-05-13-09:29:50 5.00 12.00 29.00 
2017-05-13-09:30:00 26.00 12.00 29.00 
2017-05-13-09:30:11 14.00 12.00 29.00 
2017-05-13-09:30:20 2.00 12.00 29.00 
2017-05-13-09:30:30 13.00 12.00 29.00 
2017-05-13-09:30:43 23.00 12.00 29.00 
2017-05-13-09:30:54 12.00 12.00 29.00 
2017-05-13-09:31:03 27.00 12.00 29.00 
2017-05-13-09:31:12 13.00 12.00 29.00 
2017-05-13-09:31:24 16.00 12.00 29.00 
2017-05-13-09:31:34 4.00 12.00 29.00 
2017-05-13-09:31:42 15.00 12.00 29.00 
2017-05-13-09:31:50 25.00 12.00 29.00 
2017-05-13-09:31:58 20.00 12.00 29.00 
2017-05-13-09:32:05 26.00 13.00 29.00 
2017-05-13-09:32:18 27.00 13.00 29.00 
2017-05-13-09:32:29 18.00 13.00 29.00 
2017-05-13-09:32:39 25.00 13.00 29.00 
2017-05-13-09:32:56 29.00 13.00 29.00 
2017-05-13-09:33:05 4.00 13.00 29.00 
2017-05-13-09:33:15 29.00 13.00 29.00 
2017-05-13-09:33:25 25.00 13.00 29.00 
2017-05-13-09:33:37 24.00 13.00 29.00 
2017-05-13-09:33:46 24.00 13.00 29.00 
2017-05-13-09:33:57 10.00 13.00 29.00 
2017-05-13-09:34:07 9.00 13.00 29.00 
2017-05-13-09:34:14 13.00 13.00 29.00 
2017-05-13-09:34:22 15.00 13.00 29.00 
2017-05-13-09:34:30 12.00 13.00 29.00 
2017-05-13-09:34:40 6.00 13.00 29.00 
2017-05-13-09:34:49 3.00 13.00 29.00 
2017-05-13-09:34:59 24.00 13.00 29.00 
2017-05-13-09:35:10 0.00 13.00 29.00 
2017-05-13-09:35:21 27.00 13.00 29.00 
2017-05-13-09:35:29 7.00 13.00 29.00 
2017-05-13-09:35:41 23.00 13.00 29.00 
2017-05-13-09:35:56 27.00 13.00 29.00 
2017-05-13-09:36:07 9.00 13.00 29.00 
2017-05-13-09:36:18 13.00 13.00 29.00 
2017-05-13-09:36:23 9.00 13.00 29.00 
2017-05-13-09:36:31 21.00 13.00 29.00 
2017-05-13-09:36:41 9.00 13.00 29.00 
2017-05-13-09:36:51 17.00 13.00 29.00 
2017-05-13-09:36:59 20.00 13.00 29.00 
2017-05-13-09:37:07 10.00 13.00 29.00 
2017-05-13-09:37:17 18.00 13.00 29.00 
2017-05-13-09:37:28 4.00 13.00 29.00 
2017-05-13-09:37:39 28.00 13.00 29.00 
2017-05-13-09:37:55 23.00 13.00 29.00 
2017-05-13-09:38:03 8.00 13.00 29.00 
2017-05-13-09:38:16 22.00 14.00 29.00 
2017-05-13-09:38:29 20.00 14.00 29.00 
2017-05-13-09:38:42 20.00 14.00 29.00 
2017-05-13-09:38:52 17.00 14.00 29.00 
2017-05-13-09:39:07 23.00 14.00 29.00 
2017-05-13-09:39:15 25.00 14.00 29.00 
2017-05-13-09:39:28 8.00 14.00 29.00 
2017-05-13-09:39:41 20.00 14.00 29.00 
2017-05-13-09:39:53 17.00 14.00 29.00 
2017-05-13-09:39:59 25.00 14.00 29.00 
2017-05-13-09:40:11 14.00 14.00 29.00 
2017-05-13-09:40:21 29.00 14.00 29.00 
2017-05-13-09:40:31 22.00 14.00 29.00 
2017-05-13-09:40:38 2.00 14.00 29.00 
2017-05-13-09:40:48 16.00 14.00 29.00 
2017-05-13-09:40:55 24.00 14.00 29.00 
2017-05-13-09:41:08 2.00 14.00 29.00 
2017-05-13-09:41:17 26.00 14.00 29.00 
2017-05-13-09:41:26 15.00 14.00 29.00 
2017-05-13-09:41:37 13.00 14.00 29.00 
2017-05-13-09:41:48 29.00 14.00 29.00 
2017-05-13-09:42:00 17.00 14.00 29.00 
2017-05-13-09:42:12 17.00 14.00 29.00 
2017-05-13-09:42:22 7.00 14.00 29.00 
2017-05-13-09:42:28 12.00 14.00 29.00 
2017-05-13-09:42:33 8.00 14.00 29.00 
2017-05-13-09:42:42 23.00 14.00 29.00 
2017-05-13-09:42:53 18.00 14.00 29.00 
2017-05-13-09:43:06 27.00 15.00 29.00 
2017-05-13-09:43:19 28.00 15.00 29.00 
2017-05-13-09:43:30 4.00 15.00 29.00 
2017-05-13-09:43:38 1.00 15.00 29.00 
2017-05-13-09:43:53 13.00 15.00 29.00 
2017-05-13-09:44:03 13.00 15.00 29.00 
2017-05-13-09:44:14 25.00 15.00 29.00 
2017-05-13-09:44:26 25.00 15.00 29.00 
2017-05-13-09:44:36 22.00 16.00 29.00 
2017-05-13-09:44:47 10.00 16.00 29.00 
2017-05-13-09:44:57 2.00 16.00 29.00 
2017-05-13-09:45:06 14.00 16.00 29.00 
2017-05-13-09:45:17 17.00 16.00 29.00 
2017-05-13-09:45:28 19.00 16.00 29.00 
2017-05-13-09:45:39 18.00 16.00 29.00 
2017-05-13-09:45:53 18.00 16.00 29.00 
2017-05-13-09:46:05 0.00 16.00 29.00 
2017-05-13-09:46:14 2.00 16.00 29.00 
2017-05-13-09:46:28 12.00 16.00 29.00 
2017-05-13-09:46:41 24.00 16.00 29.00 
2017-05-13-09:46:47 7.00 16.00 29.00 
2017-05-13-09:46:56 4.00 16.00 29.00 
2017-05-13-09:47:07 9.00 16.00 29.00 
2017-05-13-09:47:16 1.00 15.00 29.00 
2017-05-13-09:47:24 24.00 15.00 29.00 
2017-05-13-09:47:31 21.00 16.00 29.00 
2017-05-13-09:47:44 27.00 16.00 29.00 
2017-05-13-09:47:55 0.00 16.00 29.00 
2017-05-13-09:48:07 16.00 16.00 29.00 
2017-05-13-09:48:16 8.00 16.00 29.00 
2017-05-13-09:48:30 6.00 15.00 29.00 
2017-05-13-09:48:39 9.00 15.00 29.00 
2017-05-13-09:48:48 26.00 15.00 29.00 
2017-05-13-09:48:58 14.00 15.00 29.00 
2017-05-13-09:49:07 11.00 15.00 29.00 
2017-05-13-09:49:15 14.00 15.00 29.00 
2017-05-13-09:49:26 18.00 15.00 29.00 
2017-05-13-09:49:40 11.00 15.00 29.00 
2017-05-13-09:49:48 8.00 15.00 29.00 
2017-05-13-09:50:00 2.00 15.00 29.00 
2017-05-13-09:50:06 7.00 15.00 29.00 
2017-05-13-09:50:19 24.00 15.00 29.00 
2017-05-13-09:50:30 18.00 15.00 29.00 
2017-05-13-09:50:44 25.00 15.00 29.00 
2017-05-13-09:50:55 22.00 15.00 29.00 
2017-05-13-09:51:06 13.00 15.00 29.00 
2017-05-13-09:51:18 18.00 14.00 29.00 
2017-05-13-09:51:25 26.00 15.00 29.00 
2017-05-13-09:51:32 28.00 15.00 29.00 
2017-05-13-09:51:40 21.00 15.00 29.00 
2017-05-13-09:51:51 12.00 15.00 29.00 
2017-05-13-09:52:02 15.00 15.00 29.00 
2017-05-13-09:52:14 9.00 15.00 29.00 
2017-05-13-09:52:24 24.00 15.00 29.00 
2017-05-13-09:52:30 9.00 15.00 29.00 
2017-05-13-09:52:41 20.00 15.00 29.00 
2017-05-13-09:52:49 1.00 15.00 29.00 
2017-05-13-09:52:58 27.00 15.00 29.00 
2017-05-13-09:53:05 17.00 15.00 29.00 
2017-05-13-09:53:16 7.00 15.00 29.00 
2017-05-13-09:53:24 16.00 15.00 29.00 
